   0.0000000000000000        0.0000000000000000        0.0000000000000000        0.0000000000000000        0.0000000000000000        0.0000000000000000        0.0000000000000000        0.0000000000000000        0.0000000000000000        0.0000000000000000        0.0000000000000000        0.0000000000000000        0.0000000000000000        0.0000000000000000        0.0000000000000000        0.0000000000000000        0.0000000000000000        0.0000000000000000        0.0000000000000000        0.0000000000000000        0.0000000000000000        0.0000000000000000        0.0000000000000000        0.0000000000000000        0.0000000000000000        0.0000000000000000        0.0000000000000000        0.0000000000000000        0.0000000000000000        0.0000000000000000        0.0000000000000000        0.0000000000000000        0.0000000000000000        0.0000000000000000        0.0000000000000000        0.0000000000000000        0.0000000000000000        0.0000000000000000        0.0000000000000000        0.0000000000000000        0.0000000000000000        0.0000000000000000        0.0000000000000000        0.0000000000000000        0.0000000000000000        0.0000000000000000        0.0000000000000000        0.0000000000000000        0.0000000000000000        0.0000000000000000        0.0000000000000000        0.0000000000000000        0.0000000000000000        0.0000000000000000        0.0000000000000000        0.0000000000000000        0.0000000000000000        0.0000000000000000        0.0000000000000000        0.0000000000000000        0.0000000000000000        0.0000000000000000        0.0000000000000000        0.0000000000000000        0.0000000000000000        0.0000000000000000        0.0000000000000000        0.0000000000000000        0.0000000000000000        0.0000000000000000        0.0000000000000000        0.0000000000000000        0.0000000000000000        0.0000000000000000        0.0000000000000000        0.0000000000000000        0.0000000000000000        0.0000000000000000        0.0000000000000000        0.0000000000000000        0.0000000000000000        0.0000000000000000        0.0000000000000000        0.0000000000000000        0.0000000000000000        0.0000000000000000        0.0000000000000000        0.0000000000000000        0.0000000000000000        0.0000000000000000        0.0000000000000000        0.0000000000000000        0.0000000000000000        0.0000000000000000        0.0000000000000000        0.0000000000000000        0.0000000000000000        0.0000000000000000        0.0000000000000000        0.0000000000000000        0.0000000000000000        0.0000000000000000        0.0000000000000000        0.0000000000000000        0.0000000000000000        0.0000000000000000        0.0000000000000000        0.0000000000000000        0.0000000000000000        0.0000000000000000        0.0000000000000000        0.0000000000000000        0.0000000000000000        0.0000000000000000        0.0000000000000000        0.0000000000000000        0.0000000000000000        0.0000000000000000        0.0000000000000000        0.0000000000000000        0.0000000000000000        0.0000000000000000        0.0000000000000000        0.0000000000000000        0.0000000000000000        0.0000000000000000        0.0000000000000000        0.0000000000000000        0.0000000000000000        0.0000000000000000        0.0000000000000000        0.0000000000000000        0.0000000000000000        0.0000000000000000        0.0000000000000000        0.0000000000000000        0.0000000000000000        0.0000000000000000        0.0000000000000000        0.0000000000000000        0.0000000000000000        0.0000000000000000        0.0000000000000000        0.0000000000000000        0.0000000000000000        0.0000000000000000        0.0000000000000000        0.0000000000000000        0.0000000000000000        0.0000000000000000        0.0000000000000000        0.0000000000000000        0.0000000000000000        0.0000000000000000        0.0000000000000000        0.0000000000000000        0.0000000000000000        0.0000000000000000        0.0000000000000000        0.0000000000000000        0.0000000000000000        0.0000000000000000        0.0000000000000000        0.0000000000000000        0.0000000000000000        0.0000000000000000        0.0000000000000000        0.0000000000000000        0.0000000000000000        0.0000000000000000        0.0000000000000000        0.0000000000000000        0.0000000000000000        0.0000000000000000        0.0000000000000000        0.0000000000000000        0.0000000000000000        0.0000000000000000        0.0000000000000000        0.0000000000000000        0.0000000000000000        0.0000000000000000        0.0000000000000000        0.0000000000000000        0.0000000000000000        0.0000000000000000        0.0000000000000000        0.0000000000000000        0.0000000000000000        0.0000000000000000        0.0000000000000000        0.0000000000000000        0.0000000000000000        0.0000000000000000        0.0000000000000000        0.0000000000000000        0.0000000000000000        0.0000000000000000        0.0000000000000000        0.0000000000000000        0.0000000000000000        0.0000000000000000        0.0000000000000000        0.0000000000000000        0.0000000000000000        0.0000000000000000        0.0000000000000000        0.0000000000000000        0.0000000000000000        0.0000000000000000        0.0000000000000000        0.0000000000000000        0.0000000000000000        0.0000000000000000        0.0000000000000000        0.0000000000000000        0.0000000000000000        0.0000000000000000        0.0000000000000000        0.0000000000000000        0.0000000000000000        1.0000000000000000        0.0000000000000000        0.0000000000000000        0.0000000000000000        0.0000000000000000        0.0000000000000000        0.0000000000000000        0.0000000000000000        0.0000000000000000        0.0000000000000000        0.0000000000000000        0.0000000000000000        0.0000000000000000        0.0000000000000000        0.0000000000000000        0.0000000000000000        0.0000000000000000        0.0000000000000000        0.0000000000000000        0.0000000000000000        0.0000000000000000        0.0000000000000000        0.0000000000000000        0.0000000000000000        0.0000000000000000        0.0000000000000000        0.0000000000000000        0.0000000000000000        0.0000000000000000        0.0000000000000000        0.0000000000000000        0.0000000000000000        0.0000000000000000        0.0000000000000000        0.0000000000000000     
   2.9592750128803715E-002   0.0000000000000000        0.0000000000000000        1.0572329936293257E-002   0.0000000000000000        2.7826038291567087E-002   1.0643209208206760E-002   0.0000000000000000        0.0000000000000000        1.0643203642986735E-002   3.9815972296692384E-003   0.0000000000000000        1.0572332058536941E-002   0.0000000000000000        0.0000000000000000        3.7138110040752592E-003   0.0000000000000000        8.0030083669388519E-002   3.2887715613781239E-002   0.0000000000000000        1.1581395863333658E-002   0.0000000000000000        0.0000000000000000        1.3258836486326002E-003   1.2987986848962825E-002   0.0000000000000000        0.0000000000000000        3.9886984945922566E-003   0.0000000000000000        1.4756638207655234E-002   6.2341364440633507E-003   0.0000000000000000        0.0000000000000000        3.2887715613781239E-002   2.4262288868977168E-002   0.0000000000000000        1.2987994202504825E-002   0.0000000000000000        0.0000000000000000        6.2670184136180921E-003   1.0976133427846589E-002   0.0000000000000000        0.0000000000000000        2.4715062760679312E-003   0.0000000000000000        3.3726897267485970E-003   6.4987475010736210E-003   0.0000000000000000        1.0572329936293257E-002   0.0000000000000000        0.0000000000000000        2.9037788490092972E-002   0.0000000000000000        3.8835140571170164E-002   1.7860412647054472E-002   0.0000000000000000        0.0000000000000000        1.9342527897457162E-002   6.6434607436329967E-003   0.0000000000000000        9.3232412388128804E-003   0.0000000000000000        0.0000000000000000        1.0511049587319110E-002   0.0000000000000000        1.1581395863333658E-002   1.2987994202504825E-002   0.0000000000000000        8.0030064492391736E-002   0.0000000000000000        0.0000000000000000        1.4756626250315916E-002   3.2887706237247828E-002   0.0000000000000000        0.0000000000000000        6.2341298389718743E-003   0.0000000000000000        1.3258619566448918E-003   3.9887078817209499E-003   0.0000000000000000        2.7826038291567087E-002   0.0000000000000000        0.0000000000000000        3.8835140571170164E-002   0.0000000000000000       0.30930347107463035       0.12585068141202427        0.0000000000000000        0.0000000000000000       0.12585065408483717        4.8899385524893091E-002   0.0000000000000000        3.8835157516505681E-002   0.0000000000000000        0.0000000000000000        2.5410091627745671E-002   1.0643209208206760E-002   0.0000000000000000        0.0000000000000000        1.7860412647054472E-002   0.0000000000000000       0.12585068141202427        7.2467731061711685E-002   0.0000000000000000        0.0000000000000000        5.2753164542741260E-002   2.7929901989393498E-002   0.0000000000000000        1.9342543135360650E-002   0.0000000000000000        0.0000000000000000        1.3305494951162724E-002   0.0000000000000000        1.3258836486326002E-003   6.2670184136180921E-003   0.0000000000000000        1.4756626250315916E-002   0.0000000000000000        0.0000000000000000        8.2631655181891375E-002   3.3726497131750682E-003   0.0000000000000000        0.0000000000000000        2.8721317454257465E-002   0.0000000000000000        2.7368677015612415E-002   4.1958425204203838E-003   0.0000000000000000        0.0000000000000000        1.2987986848962825E-002   1.0976133427846589E-002   0.0000000000000000        3.2887706237247828E-002   0.0000000000000000        0.0000000000000000        3.3726497131750682E-003   2.4262282264719073E-002   0.0000000000000000        0.0000000000000000        6.4987445049328289E-003   0.0000000000000000        6.2670091650586044E-003   2.4715168858326390E-003   0.0000000000000000        1.0643203642986735E-002   0.0000000000000000        0.0000000000000000        1.9342527897457162E-002   0.0000000000000000       0.12585065408483717        5.2753164542741260E-002   0.0000000000000000        0.0000000000000000        7.2467704782250689E-002   2.7929894337232749E-002   0.0000000000000000        1.7860415903675767E-002   0.0000000000000000        0.0000000000000000        1.3305494790855811E-002   3.9815972296692384E-003   0.0000000000000000        0.0000000000000000        6.6434607436329967E-003   0.0000000000000000        4.8899385524893091E-002   2.7929901989393498E-002   0.0000000000000000        0.0000000000000000        2.7929894337232749E-002   1.7154761279027462E-002   0.0000000000000000        6.6434627078468637E-003   0.0000000000000000        0.0000000000000000        6.5327002773615849E-003   0.0000000000000000        3.9886984945922566E-003   2.4715062760679312E-003   0.0000000000000000        6.2341298389718743E-003   0.0000000000000000        0.0000000000000000        2.8721317454257465E-002   6.4987445049328289E-003   0.0000000000000000        0.0000000000000000        1.9714362016131706E-002   0.0000000000000000        4.1958223065397494E-003   1.4958424391021687E-003   0.0000000000000000        1.0572332058536941E-002   0.0000000000000000        0.0000000000000000        9.3232412388128804E-003   0.0000000000000000        3.8835157516505681E-002   1.9342543135360650E-002   0.0000000000000000        0.0000000000000000        1.7860415903675767E-002   6.6434627078468637E-003   0.0000000000000000        2.9037800746014891E-002   0.0000000000000000        0.0000000000000000        1.0511052114064109E-002   0.0000000000000000        1.4756638207655234E-002   3.3726897267485970E-003   0.0000000000000000        1.3258619566448918E-003   0.0000000000000000        0.0000000000000000        2.7368677015612415E-002   6.2670091650586044E-003   0.0000000000000000        0.0000000000000000        4.1958223065397494E-003   0.0000000000000000        8.2631553348006009E-002   2.8721275192843117E-002   0.0000000000000000        0.0000000000000000        6.2341364440633507E-003   6.4987475010736210E-003   0.0000000000000000        3.9887078817209499E-003   0.0000000000000000        0.0000000000000000        4.1958425204203838E-003   2.4715168858326390E-003   0.0000000000000000        0.0000000000000000        1.4958424391021687E-003   0.0000000000000000        2.8721275192843117E-002   1.9714344567082182E-002   0.0000000000000000        3.7138110040752592E-003   0.0000000000000000        0.0000000000000000        1.0511049587319110E-002   0.0000000000000000        2.5410091627745671E-002   1.3305494951162724E-002   0.0000000000000000        0.0000000000000000        1.3305494790855811E-002   6.5327002773615849E-003   0.0000000000000000        1.0511052114064109E-002   0.0000000000000000        0.0000000000000000        2.7661358028880367E-002
