   0.0000000000000000        0.0000000000000000        0.0000000000000000        0.0000000000000000        0.0000000000000000        0.0000000000000000        0.0000000000000000        0.0000000000000000        0.0000000000000000        0.0000000000000000        0.0000000000000000        0.0000000000000000        0.0000000000000000        0.0000000000000000        0.0000000000000000        0.0000000000000000        0.0000000000000000        0.0000000000000000        0.0000000000000000        0.0000000000000000        0.0000000000000000        0.0000000000000000        0.0000000000000000        0.0000000000000000        0.0000000000000000        0.0000000000000000        0.0000000000000000        0.0000000000000000        0.0000000000000000        0.0000000000000000        0.0000000000000000        0.0000000000000000        0.0000000000000000        0.0000000000000000        0.0000000000000000        0.0000000000000000        0.0000000000000000        0.0000000000000000        0.0000000000000000        0.0000000000000000        0.0000000000000000        0.0000000000000000        0.0000000000000000        0.0000000000000000        0.0000000000000000        0.0000000000000000        0.0000000000000000        0.0000000000000000        0.0000000000000000        0.0000000000000000        0.0000000000000000        0.0000000000000000        0.0000000000000000        0.0000000000000000        0.0000000000000000        0.0000000000000000        0.0000000000000000        0.0000000000000000        0.0000000000000000        0.0000000000000000        0.0000000000000000        0.0000000000000000        0.0000000000000000        0.0000000000000000        0.0000000000000000        0.0000000000000000        0.0000000000000000        0.0000000000000000        0.0000000000000000        0.0000000000000000        0.0000000000000000        0.0000000000000000        0.0000000000000000        0.0000000000000000        0.0000000000000000        0.0000000000000000        0.0000000000000000        0.0000000000000000        0.0000000000000000        0.0000000000000000        0.0000000000000000        0.0000000000000000        0.0000000000000000        0.0000000000000000        0.0000000000000000        1.0000000000000000        0.0000000000000000        0.0000000000000000        0.0000000000000000        0.0000000000000000        0.0000000000000000        0.0000000000000000        0.0000000000000000        0.0000000000000000        0.0000000000000000        0.0000000000000000        0.0000000000000000        0.0000000000000000        0.0000000000000000        0.0000000000000000        0.0000000000000000        0.0000000000000000        0.0000000000000000        0.0000000000000000        0.0000000000000000        0.0000000000000000        0.0000000000000000        0.0000000000000000        0.0000000000000000        0.0000000000000000        0.0000000000000000        0.0000000000000000        0.0000000000000000        0.0000000000000000        0.0000000000000000        0.0000000000000000        0.0000000000000000        0.0000000000000000        0.0000000000000000        0.0000000000000000        0.0000000000000000        0.0000000000000000        0.0000000000000000        0.0000000000000000        0.0000000000000000        0.0000000000000000        0.0000000000000000        0.0000000000000000        0.0000000000000000        0.0000000000000000        0.0000000000000000        0.0000000000000000        0.0000000000000000        0.0000000000000000        0.0000000000000000        0.0000000000000000        0.0000000000000000        0.0000000000000000        0.0000000000000000        0.0000000000000000        0.0000000000000000        0.0000000000000000        0.0000000000000000        0.0000000000000000        0.0000000000000000        0.0000000000000000        0.0000000000000000        0.0000000000000000        0.0000000000000000        0.0000000000000000        0.0000000000000000        0.0000000000000000        0.0000000000000000        0.0000000000000000        0.0000000000000000        0.0000000000000000        0.0000000000000000        0.0000000000000000        0.0000000000000000        0.0000000000000000        0.0000000000000000        0.0000000000000000        0.0000000000000000        0.0000000000000000        0.0000000000000000        0.0000000000000000        0.0000000000000000        0.0000000000000000        0.0000000000000000        0.0000000000000000        0.0000000000000000        0.0000000000000000        0.0000000000000000        0.0000000000000000        0.0000000000000000        0.0000000000000000        0.0000000000000000        0.0000000000000000        0.0000000000000000        0.0000000000000000        0.0000000000000000        0.0000000000000000        0.0000000000000000        0.0000000000000000        0.0000000000000000        0.0000000000000000        0.0000000000000000        0.0000000000000000        0.0000000000000000        0.0000000000000000        0.0000000000000000        0.0000000000000000        0.0000000000000000        0.0000000000000000        0.0000000000000000        0.0000000000000000        0.0000000000000000        0.0000000000000000        0.0000000000000000        0.0000000000000000        0.0000000000000000        0.0000000000000000        0.0000000000000000        0.0000000000000000        0.0000000000000000        0.0000000000000000        0.0000000000000000        0.0000000000000000        0.0000000000000000        0.0000000000000000        0.0000000000000000        0.0000000000000000        0.0000000000000000        0.0000000000000000        0.0000000000000000        0.0000000000000000        0.0000000000000000        0.0000000000000000        0.0000000000000000        0.0000000000000000        0.0000000000000000        0.0000000000000000        0.0000000000000000        0.0000000000000000        0.0000000000000000        0.0000000000000000        0.0000000000000000        0.0000000000000000        0.0000000000000000        0.0000000000000000        0.0000000000000000        0.0000000000000000        0.0000000000000000        0.0000000000000000        0.0000000000000000        0.0000000000000000        0.0000000000000000        0.0000000000000000        0.0000000000000000        0.0000000000000000        0.0000000000000000        0.0000000000000000        0.0000000000000000        0.0000000000000000        0.0000000000000000        0.0000000000000000        0.0000000000000000        0.0000000000000000        0.0000000000000000        0.0000000000000000        0.0000000000000000        0.0000000000000000        0.0000000000000000        0.0000000000000000        0.0000000000000000        0.0000000000000000     
   4.2673322957262559E-005   0.0000000000000000        0.0000000000000000        1.8505803917529497E-005   0.0000000000000000        4.2611349705870566E-004   1.9561586218990212E-005   0.0000000000000000        0.0000000000000000        1.9561586218990300E-005   9.3026265677678985E-007   0.0000000000000000        1.8505803917529592E-005   0.0000000000000000        0.0000000000000000        1.0736041000898257E-005   0.0000000000000000        7.2414363623257479E-003   3.6372349210606156E-004   0.0000000000000000        7.0494159478439876E-004   0.0000000000000000        0.0000000000000000        2.3891712997076322E-003   5.3348067516316571E-005   0.0000000000000000        0.0000000000000000        1.1597042520331637E-004   0.0000000000000000        2.4494982124763855E-003   1.2154897855817601E-004   0.0000000000000000        0.0000000000000000        3.6372349210606156E-004   1.8401990329591108E-005   0.0000000000000000        5.3348067516316504E-005   0.0000000000000000        0.0000000000000000        1.2101879459140188E-004   3.5876621394533112E-006   0.0000000000000000        0.0000000000000000        5.8434688671472820E-006   0.0000000000000000        1.2384123130098268E-004   6.1472556298367850E-006   0.0000000000000000        1.8505803917529497E-005   0.0000000000000000        0.0000000000000000        2.0882105400529637E-005   0.0000000000000000        2.4456850671075829E-003   1.2139003964826852E-004   0.0000000000000000        0.0000000000000000        1.2139461426029520E-004   5.9547774881196652E-006   0.0000000000000000        1.4883419668506889E-005   0.0000000000000000        0.0000000000000000        7.6624909869570786E-006   0.0000000000000000        7.0494159478439876E-004   5.3348067516316504E-005   0.0000000000000000        7.2414363623257488E-003   0.0000000000000000        0.0000000000000000        2.4494982124763855E-003   3.6372349210606189E-004   0.0000000000000000        0.0000000000000000        1.2154897855817610E-004   0.0000000000000000        2.3891712997076322E-003   1.1597042520331639E-004   0.0000000000000000        4.2611349705870566E-004   0.0000000000000000        0.0000000000000000        2.4456850671075829E-003   0.0000000000000000       0.97563112761473780        4.8621873555486271E-002   0.0000000000000000        0.0000000000000000        4.8621873555486229E-002   2.4171414952631662E-003   0.0000000000000000        2.4456850671075977E-003   0.0000000000000000        0.0000000000000000        1.7879543050180197E-004   1.9561586218990212E-005   0.0000000000000000        0.0000000000000000        1.2139003964826852E-004   0.0000000000000000        4.8621873555486271E-002   2.4313596837606849E-003   0.0000000000000000        0.0000000000000000        2.4253609980286563E-003   1.2098482673162538E-004   0.0000000000000000        1.2139461426029605E-004   0.0000000000000000        0.0000000000000000        1.2778022109733153E-005   0.0000000000000000        2.3891712997076322E-003   1.2101879459140188E-004   0.0000000000000000        2.4494982124763855E-003   0.0000000000000000        0.0000000000000000        2.4381954638134822E-003   1.2384123130098273E-004   0.0000000000000000        0.0000000000000000        1.2047632834188016E-004   0.0000000000000000        2.3854484647212098E-004   5.9468844162710099E-006   0.0000000000000000        0.0000000000000000        5.3348067516316571E-005   3.5876621394533112E-006   0.0000000000000000        3.6372349210606189E-004   0.0000000000000000        0.0000000000000000        1.2384123130098273E-004   1.8401990329591105E-005   0.0000000000000000        0.0000000000000000        6.1472556298367757E-006   0.0000000000000000        1.2101879459140194E-004   5.8434688671472794E-006   0.0000000000000000        1.9561586218990300E-005   0.0000000000000000        0.0000000000000000        1.2139461426029520E-004   0.0000000000000000        4.8621873555486229E-002   2.4253609980286563E-003   0.0000000000000000        0.0000000000000000        2.4313596837606788E-003   1.2098482673162519E-004   0.0000000000000000        1.2139003964826915E-004   0.0000000000000000        0.0000000000000000        1.2778022109733297E-005   9.3026265677678985E-007   0.0000000000000000        0.0000000000000000        5.9547774881196652E-006   0.0000000000000000        2.4171414952631662E-003   1.2098482673162538E-004   0.0000000000000000        0.0000000000000000        1.2098482673162519E-004   6.0414405371155407E-006   0.0000000000000000        5.9547774881196728E-006   0.0000000000000000        0.0000000000000000        8.2673461308399755E-007   0.0000000000000000        1.1597042520331637E-004   5.8434688671472820E-006   0.0000000000000000        1.2154897855817610E-004   0.0000000000000000        0.0000000000000000        1.2047632834188016E-004   6.1472556298367757E-006   0.0000000000000000        0.0000000000000000        5.9940588212574450E-006   0.0000000000000000        5.9468844162710260E-006   4.0999645412787020E-009   0.0000000000000000        1.8505803917529592E-005   0.0000000000000000        0.0000000000000000        1.4883419668506889E-005   0.0000000000000000        2.4456850671075977E-003   1.2139461426029605E-004   0.0000000000000000        0.0000000000000000        1.2139003964826915E-004   5.9547774881196728E-006   0.0000000000000000        2.0882105400529986E-005   0.0000000000000000        0.0000000000000000        7.6624909869570583E-006   0.0000000000000000        2.4494982124763855E-003   1.2384123130098268E-004   0.0000000000000000        2.3891712997076322E-003   0.0000000000000000        0.0000000000000000        2.3854484647212098E-004   1.2101879459140194E-004   0.0000000000000000        0.0000000000000000        5.9468844162710260E-006   0.0000000000000000        2.4381954638134826E-003   1.2047632834188018E-004   0.0000000000000000        0.0000000000000000        1.2154897855817601E-004   6.1472556298367850E-006   0.0000000000000000        1.1597042520331639E-004   0.0000000000000000        0.0000000000000000        5.9468844162710099E-006   5.8434688671472794E-006   0.0000000000000000        0.0000000000000000        4.0999645412787020E-009   0.0000000000000000        1.2047632834188018E-004   5.9940588212574493E-006   0.0000000000000000        1.0736041000898257E-005   0.0000000000000000        0.0000000000000000        7.6624909869570786E-006   0.0000000000000000        1.7879543050180197E-004   1.2778022109733153E-005   0.0000000000000000        0.0000000000000000        1.2778022109733297E-005   8.2673461308399755E-007   0.0000000000000000        7.6624909869570583E-006   0.0000000000000000        0.0000000000000000        7.6182928652545557E-006
